2573
2432
2528
2476
2509
2519
2419
2502
2408
2428
2294
2309
2436
2342
2542
2382
2530
2430
2425
2415
2461
2571
2579
2543
2618
2336
2394
2467
2378
2390
2544
2507
2417
2615
2504
2466
2439
2331
2504
2482
2477
2642
2470
2472
2544
2503
2509
2564
2504
2500
2531
2598
2407
2487
2445
2604
2573
2693
2696
2440
2442
2605
2403
2523
2486
2392
2358
2448
2471
2478
2464
2569
2514
2541
2402
2456
2406
2466
2461
2367
2412
2493
2494
2427
2491
2475
2145
2448
2481
2475
2296
2330
2995
2380
2387
2396
2329
2998
2518
2063
2515
2546
2404
2425
2674
2655
2429
2492
2429
2530
2328
2447
2453
2343
2385
2383
2493
2420
2463
2359
2314
2431
2391
2453
2483
2571
2573
2473
2495
2611
2414
2462
2454
2472
2398
2544
2463
2538
2516
2491
2264
2315
2237
2384
2209
2453
2454
2280
2314
2305
2616
2514
2557
2500
2558
2497
2449
2466
2481
2567
2431
2458
2467
2476
2437
2491
2612
2408
2397
2604
2409
